pro__L:
  B3R10:
  - community:
      y_B3R10: 1
    solution:
      Growth_B3R10: 0.7375858388492011
      R_EX_ca2_e: -0.003717890584539841
      R_EX_ca2_e_B3R10_i: -0.003717890584539841
      R_EX_cl_e: -0.003717890584539841
      R_EX_cl_e_B3R10_i: -0.003717890584539841
      R_EX_co2_e: 19.527755193962648
      R_EX_co2_e_B3R10_i: 19.527755193962648
      R_EX_cobalt2_e: -7.142921392007383e-05
      R_EX_cobalt2_e_B3R10_i: -7.142921392007383e-05
      R_EX_cu2_e: -0.0005064331266933233
      R_EX_cu2_e_B3R10_i: -0.0005064331266933233
      R_EX_fe2_e: -0.004796471714732959
      R_EX_fe2_e_B3R10_i: -0.004796471714732959
      R_EX_fe3_e: -0.005577193022879367
      R_EX_fe3_e_B3R10_i: -0.005577193022879367
      R_EX_h2o_e: 20.471261433758364
      R_EX_h2o_e_B3R10_i: 20.471261433758364
      R_EX_h_e: -4.69116533369884
      R_EX_h_e_B3R10_i: -4.69116533369884
      R_EX_k_e: -0.1394248255270099
      R_EX_k_e_B3R10_i: -0.1394248255270099
      R_EX_mg2_e: -0.006196484307566403
      R_EX_mg2_e_B3R10_i: -0.006196484307566403
      R_EX_mn2_e: -0.0004935758681877106
      R_EX_mn2_e_B3R10_i: -0.0004935758681877106
      R_EX_nh4_e: 2.00270806595739
      R_EX_nh4_e_B3R10_i: 2.00270806595739
      R_EX_o2_e: -23.58204954467226
      R_EX_o2_e_B3R10_i: -23.58204954467226
      R_EX_pi_e: -0.7043584784209198
      R_EX_pi_e_B3R10_i: -0.7043584784209198
      R_EX_pro__L_e: -10.0
      R_EX_pro__L_e_B3R10_i: -10.0
      R_EX_pydxn_e: -0.00015928714704176454
      R_EX_pydxn_e_B3R10_i: -0.00015928714704176454
      R_EX_so4_e: -0.17886089453228218
      R_EX_so4_e_B3R10_i: -0.17886089453228218
      R_EX_thm_e: -0.00015928714704176454
      R_EX_thm_e_B3R10_i: -0.00015928714704176454
      R_EX_zn2_e: -0.00024357361946745159
      R_EX_zn2_e_B3R10_i: -0.00024357361946745159
      community_growth: 0.7375858388492011
